0.000	0.008496392000
0.020	0.002432846000
0.040	-0.003019720000
0.060	-0.006019185000
0.080	-0.011107610000
0.100	-0.015786000000
0.120	-0.014712600000
0.140	-0.009513312000
0.160	-0.005213658000
0.180	0.005091754000
0.200	0.024596550000
0.220	0.032489660000
0.240	0.017656150000
0.260	-0.003069897000
0.280	0.024222590000
0.300	0.051516100000
0.320	0.019139620000
0.340	-0.042662850000
0.360	-0.092805700000
0.380	-0.114163100000
0.400	-0.088844350000
0.420	-0.009451272000
0.440	0.061768540000
0.460	0.075189020000
0.480	0.070764610000
0.500	0.088994400000
0.520	0.080048340000
0.540	0.087720110000
0.560	0.047731350000
0.580	0.000638295700
0.600	-0.127034800000
0.620	-0.225307300000
0.640	-0.222431600000
0.660	-0.025151020000
0.680	0.123339900000
0.700	0.039401390000
0.720	0.049814920000
0.740	0.032442630000
0.760	0.058528450000
0.780	0.093042530000
0.800	0.064048370000
0.820	0.004083924000
0.840	-0.008311791000
0.860	0.035130350000
0.880	-0.011519000000
0.900	-0.068920180000
0.920	-0.133780600000
0.940	-0.117663300000
0.960	-0.051756630000
0.980	0.002415907000
1.000	0.060380810000
1.020	0.090117210000
1.040	0.109094600000
1.060	0.068655050000
1.080	0.014929950000
1.100	-0.014245790000
1.120	-0.015784630000
1.140	-0.046164990000
1.160	-0.114858600000
1.180	-0.092667140000
1.200	0.010238970000
1.220	0.095451130000
1.240	0.077587180000
1.260	-0.032678560000
1.280	-0.027445620000
1.300	0.023946390000
1.320	0.058556350000
1.340	0.039036950000
1.360	-0.023480560000
1.380	-0.063460140000
1.400	-0.083899590000
1.420	-0.002037111000
1.440	0.073649260000
1.460	-0.000507462000
1.480	-0.066165550000
1.500	-0.050009430000
1.520	0.044264400000
1.540	0.076053030000
1.560	0.060782940000
1.580	0.074611410000
1.600	0.064304650000
1.620	0.007367560000
1.640	-0.111645700000
1.660	-0.157307700000
1.680	-0.078172720000
1.700	0.051437980000
1.720	0.070252210000
1.740	0.001612663000
1.760	-0.021827630000
1.780	0.010740280000
1.800	0.065958300000
1.820	0.091061860000
1.840	0.059772660000
1.860	-0.001288287000
1.880	-0.047149200000
1.900	-0.063474990000
1.920	-0.056343840000
1.940	-0.030530380000
1.960	-0.010667590000
1.980	-0.016497590000
2.000	-0.000357804000
2.020	0.042289740000
2.040	0.069141560000
2.060	0.001601569000
2.080	-0.080532580000
2.100	-0.033784640000
2.120	0.032697240000
2.140	0.051987800000
2.160	0.077213740000
2.180	0.078001500000
2.200	0.046799000000
2.220	0.033554630000
2.240	-0.023168270000
2.260	-0.113426700000
2.280	-0.163512500000
2.300	-0.148647700000
2.320	-0.047218590000
2.340	0.059303380000
2.360	0.089968980000
2.380	0.126577100000
2.400	0.111543600000
2.420	0.084865860000
2.440	0.029983030000
2.460	-0.007860690000
2.480	-0.050589190000
2.500	-0.116820500000
2.520	-0.163692300000
2.540	-0.102125800000
2.560	0.024713570000
2.580	0.066188110000
2.600	0.090535810000
2.620	0.100251600000
2.640	0.120952800000
2.660	0.065563070000
2.680	-0.043089050000
2.700	-0.099100000000
2.720	-0.028171950000
2.740	0.023276140000
2.760	-0.017488870000
2.780	-0.078068400000
2.800	-0.084869460000
2.820	-0.010597840000
2.840	0.048535950000
2.860	0.054224800000
2.880	0.043358030000
2.900	-0.023436360000
2.920	-0.055587480000
2.940	-0.036665150000
2.960	-0.032448160000
2.980	-0.005556577000
3.000	0.042526530000
3.020	0.091203270000
3.040	0.079905040000
3.060	0.015506620000
3.080	-0.027871630000
3.100	-0.014573590000
3.120	0.021151190000
3.140	0.012212220000
3.160	-0.038796660000
3.180	-0.064143360000
3.200	-0.009253797000
3.220	0.072696360000
3.240	0.102845800000
3.260	0.087629760000
3.280	0.026570830000
3.300	-0.040784570000
3.320	-0.052749890000
3.340	-0.016887420000
3.360	0.034768740000
3.380	0.074335860000
3.400	0.074536080000
3.420	0.056520110000
3.440	0.029482250000
3.460	-0.020743270000
3.480	-0.078231190000
3.500	-0.133597500000
3.520	-0.157847700000
3.540	-0.144216100000
3.560	-0.055861420000
3.580	-0.027272560000
3.600	-0.048955430000
3.620	0.059605500000
3.640	0.087738410000
3.660	-0.011735770000
3.680	-0.055367000000
3.700	-0.048347070000
3.720	-0.090519710000
3.740	-0.087234000000
3.760	-0.068184180000
3.780	-0.176955700000
3.800	-0.307518400000
3.820	-0.486043600000
3.840	-0.485362000000
3.860	-0.451017300000
3.880	-0.222456400000
3.900	0.352043500000
3.920	0.225547500000
3.940	-0.012691550000
3.960	0.394017400000
3.980	0.456885400000
4.000	0.371417800000
4.020	0.351286400000
4.040	0.480337100000
4.060	0.408936300000
4.080	0.606511600000
4.100	0.506731400000
4.120	0.082693240000
4.140	0.142638900000
4.160	-0.245890000000
4.180	-0.284875200000
4.200	0.626580800000
4.220	0.460635200000
4.240	-0.722563400000
4.260	-0.848049800000
4.280	-0.735694400000
4.300	-0.532814100000
4.320	-0.175008000000
4.340	-0.070349600000
4.360	-0.114098100000
4.380	-0.064822680000
4.400	-0.125603200000
4.420	-0.151813900000
4.440	-0.116283900000
4.460	-0.288018000000
4.480	-0.515563400000
4.500	-0.438173700000
4.520	-0.333460200000
4.540	0.001382602000
4.560	0.833828300000
4.580	1.584917000000
4.600	1.072462000000
4.620	0.367268900000
4.640	0.275778200000
4.660	0.344542800000
4.680	0.297130400000
4.700	-0.156138900000
4.720	-0.341414500000
4.740	-0.453911100000
4.760	-0.654830400000
4.780	-0.643577500000
4.800	-0.514648200000
4.820	-0.507939400000
4.840	-0.498941700000
4.860	-0.298522700000
4.880	0.067777930000
4.900	0.441906000000
4.920	0.866951600000
4.940	0.877618000000
4.960	0.450598200000
4.980	0.274418000000
5.000	0.249312000000
5.020	0.181581200000
5.040	0.126377000000
5.060	-0.045686560000
5.080	-0.253402200000
5.100	-0.326874500000
5.120	-0.411454700000
5.140	-0.503329800000
5.160	-0.645961400000
5.180	-0.529049700000
5.200	-0.124505300000
5.220	0.517726800000
5.240	0.901511200000
5.260	0.613095200000
5.280	0.299344500000
5.300	0.155847100000
5.320	-0.026161450000
5.340	-0.230072500000
5.360	-0.288917000000
5.380	-0.331851600000
5.400	-0.108509100000
5.420	0.178485500000
5.440	0.257746800000
5.460	0.205271200000
5.480	0.125670600000
5.500	0.064796240000
5.520	-0.027320730000
5.540	-0.164505400000
5.560	-0.288373900000
5.580	-0.316827600000
5.600	-0.221200300000
5.620	-0.225442300000
5.640	-0.215067600000
5.660	-0.070576190000
5.680	0.096055330000
5.700	0.116175100000
5.720	0.033021860000
5.740	-0.000639940100
5.760	-0.067992340000
5.780	-0.001112737000
5.800	0.037157900000
5.820	0.052732520000
5.840	0.105956400000
5.860	0.115897500000
5.880	0.113605800000
5.900	0.096727100000
5.920	-0.034267180000
5.940	-0.133049900000
5.960	-0.110446400000
5.980	-0.074367770000
6.000	0.001847882000
6.020	0.055889760000
6.040	0.114437000000
6.060	0.119772800000
6.080	0.151990800000
6.100	0.222597400000
6.120	0.277012600000
6.140	0.274019200000
6.160	0.239847400000
6.180	0.099017220000
6.200	-0.110483400000
6.220	-0.211535600000
6.240	-0.287944600000
6.260	-0.451241200000
6.280	-0.459999800000
6.300	-0.344387600000
6.320	-0.251210400000
6.340	0.028793070000
6.360	0.396306400000
6.380	0.564739200000
6.400	0.440727900000
6.420	0.189533700000
6.440	-0.033564530000
6.460	0.045711120000
6.480	0.059592520000
6.500	-0.092710590000
6.520	-0.043983950000
6.540	-0.001992374000
6.560	0.067727900000
6.580	0.076736760000
6.600	-0.008087233000
6.620	-0.099335190000
6.640	-0.171026700000
6.660	-0.224228600000
6.680	-0.231361300000
6.700	-0.148591100000
6.720	-0.124372000000
6.740	-0.127380800000
6.760	-0.113484100000
6.780	-0.068382580000
6.800	0.002217956000
6.820	0.065881480000
6.840	0.093148320000
6.860	0.124128000000
6.880	0.045695290000
6.900	-0.061287200000
6.920	-0.174684500000
6.940	-0.240486500000
6.960	-0.249322500000
6.980	-0.250181200000
7.000	-0.209123900000
7.020	-0.217337800000
7.040	-0.211294100000
7.060	-0.180634700000
7.080	-0.118905100000
7.100	-0.023495130000
7.120	0.067519670000
7.140	0.078282920000
7.160	0.122019700000
7.180	0.211822700000
7.200	0.257654600000
7.220	0.290895600000
7.240	0.310502200000
7.260	0.301819200000
7.280	0.268379700000
7.300	0.246089800000
7.320	0.285952700000
7.340	0.365715800000
7.360	0.430960300000
7.380	0.384618900000
7.400	0.212573600000
7.420	0.067735880000
7.440	-0.170063700000
7.460	-0.420578500000
7.480	-0.365678900000
7.500	-0.127533200000
7.520	-0.101327100000
7.540	-0.056206200000
7.560	-0.033507950000
7.580	-0.017158180000
7.600	0.052799730000
7.620	0.011304290000
7.640	0.044745180000
7.660	-0.024773750000
7.680	-0.135216100000
7.700	-0.319781800000
7.720	-0.514419100000
7.740	-0.492829600000
7.760	-0.287538100000
7.780	-0.046454750000
7.800	0.069006370000
7.820	0.202478700000
7.840	0.235356500000
7.860	0.075346230000
7.880	-0.018296720000
7.900	-0.005937200000
7.920	0.040493380000
7.940	0.054185030000
7.960	-0.009608649000
7.980	-0.006833047000
8.000	0.043749950000
8.020	0.055452590000
8.040	0.153219800000
8.060	0.260949300000
8.080	0.211645700000
8.100	0.041799590000
8.120	-0.131465600000
8.140	-0.238770400000
8.160	-0.146407200000
8.180	0.036474880000
8.200	0.081769180000
8.220	0.117684600000
8.240	0.133580400000
8.260	0.140095300000
8.280	0.172241800000
8.300	0.145322200000
8.320	0.069658750000
8.340	-0.063961080000
8.360	-0.327185200000
8.380	-0.481018300000
8.400	-0.502953100000
8.420	-0.475702800000
8.440	-0.115562000000
8.460	0.120420200000
8.480	0.234272800000
8.500	0.376956700000
8.520	0.382152700000
8.540	0.202191200000
8.560	0.060652150000
8.580	0.105725100000
8.600	0.143387700000
8.620	0.131298900000
8.640	0.072297120000
8.660	0.020727100000
8.680	-0.075642330000
8.700	-0.189679200000
8.720	-0.268871800000
8.740	-0.243663400000
8.760	-0.140359700000
8.780	-0.020182090000
8.800	0.105283200000
8.820	0.155426500000
8.840	0.101630900000
8.860	0.006749606000
8.880	-0.019265340000
8.900	0.044756140000
8.920	0.005681116000
8.940	-0.095846470000
8.960	-0.087635310000
8.980	0.004045501000
9.000	0.080059110000
9.020	0.090733580000
9.040	0.097001620000
9.060	0.104808900000
9.080	0.141889100000
9.100	0.188422600000
9.120	0.235197900000
9.140	0.151241900000
9.160	0.044763220000
9.180	-0.031426540000
9.200	-0.213566800000
9.220	-0.302655500000
9.240	-0.294474900000
9.260	-0.195276700000
9.280	-0.096227430000
9.300	-0.006839583000
9.320	0.090036080000
9.340	0.130502700000
9.360	0.123811600000
9.380	0.079321410000
9.400	0.017933870000
9.420	-0.062388940000
9.440	-0.112482000000
9.460	-0.159543700000
9.480	-0.106846200000
9.500	0.010854760000
9.520	0.073542060000
9.540	0.091892000000
9.560	0.065904570000
9.580	0.037193750000
9.600	0.035238550000
9.620	0.049317750000
9.640	0.028964800000
9.660	0.003128339000
9.680	0.034074250000
9.700	0.039627270000
9.720	0.027177280000
9.740	0.022314050000
9.760	0.022694650000
9.780	0.028791320000
9.800	0.006647251000
9.820	-0.082010010000
9.840	-0.190923400000
9.860	-0.289652100000
9.880	-0.308971800000
9.900	-0.163621700000
9.920	-0.013909050000
9.940	0.117545600000
9.960	0.181525200000
9.980	0.206332800000
10.000	0.167754500000
10.020	0.138699900000
10.040	0.148230900000
10.060	0.046945030000
10.080	-0.075436480000
10.100	-0.159826100000
10.120	-0.107856900000
10.140	-0.045519520000
10.160	-0.041769880000
10.180	-0.039001480000
10.200	-0.001010437000
10.220	0.011298020000
10.240	0.004880301000
10.260	0.038872940000
10.280	0.092998340000
10.300	0.155223600000
10.320	0.121278100000
10.340	0.068948110000
10.360	0.016784400000
10.380	-0.052394940000
10.400	-0.124338500000
10.420	-0.134722000000
10.440	-0.045989000000
10.460	0.027226710000
10.480	0.054594450000
10.500	0.066314350000
10.520	0.078317840000
10.540	0.038392080000
10.560	-0.015852430000
10.580	-0.038540180000
10.600	-0.074422650000
10.620	-0.117809300000
10.640	-0.141187500000
10.660	-0.068821510000
10.680	0.004190200000
10.700	0.070113920000
10.720	0.128314200000
10.740	0.103821100000
10.760	0.043794160000
10.780	-0.018350250000
10.800	-0.101065000000
10.820	-0.100984300000
10.840	-0.020056400000
10.860	0.041863820000
10.880	0.059421180000
10.900	0.012001480000
10.920	0.000491899000
10.940	-0.032019480000
10.960	-0.039291980000
10.980	-0.028856260000
11.000	-0.072348960000
11.020	-0.121338400000
11.040	-0.102179700000
11.060	-0.016822930000
11.080	0.039687200000
11.100	0.086185010000
11.120	0.104379900000
11.140	0.111637300000
11.160	0.105624500000
11.180	0.041716450000
11.200	-0.041040140000
11.220	-0.107824500000
11.240	-0.131524100000
11.260	-0.127953000000
11.280	-0.091798030000
11.300	-0.015416260000
11.320	0.027317750000
11.340	0.038845870000
11.360	0.071430880000
11.380	0.092112500000
11.400	0.088570110000
11.420	0.093842590000
11.440	0.074039370000
11.460	0.029486870000
11.480	0.003175039000
11.500	-0.018765080000
11.520	-0.049348670000
11.540	-0.067526010000
11.560	-0.085590120000
11.580	-0.081044930000
11.600	-0.052698030000
11.620	-0.006986643000
11.640	0.045654620000
11.660	0.067337860000
11.680	0.064337090000
11.700	0.045031630000
11.720	0.030699690000
11.740	0.022189910000
11.760	-0.002054392000
11.780	-0.033248970000
11.800	-0.037232000000
11.820	-0.048373380000
11.840	-0.062332010000
11.860	-0.040364190000
11.880	-0.007704741000
11.900	0.014755730000
11.920	0.023224860000
11.940	0.036855200000
11.960	0.054802170000
11.980	0.061445500000
12.000	0.059049590000
12.020	0.041009940000
12.040	-0.004298390000
12.060	-0.050056540000
12.080	-0.065697150000
12.100	-0.040655060000
12.120	0.005270503000
12.140	0.018124610000
12.160	0.013104240000
12.180	-0.012592560000
12.200	-0.032807870000
12.220	-0.030622970000
12.240	-0.010231060000
12.260	0.022606880000
12.280	0.023301560000
12.300	0.018303620000
12.320	0.005866827000
12.340	-0.013883370000
12.360	-0.028326510000
12.380	-0.023400870000
12.400	-0.017939730000
12.420	-0.009244172000
12.440	0.007203387000
12.460	0.016931190000
12.480	0.024695480000
12.500	0.024074360000
12.520	0.028012640000
12.540	0.036023770000
12.560	0.039104230000
12.580	0.015789120000
12.600	-0.001147921000
12.620	-0.006761947000
12.640	-0.024041710000
12.660	-0.034133540000
12.680	-0.038457270000
12.700	-0.039372150000
12.720	-0.011687260000
12.740	0.015522310000
12.760	0.035179800000
12.780	0.035216570000
12.800	0.018997600000
12.820	0.009291324000
12.840	-0.012477470000
12.860	-0.036947220000
12.880	-0.053065210000
12.900	-0.040228460000
12.920	0.007862541000
12.940	0.040124170000
12.960	0.038590130000
12.980	0.056230050000
13.000	0.053468960000
13.020	0.046744140000
13.040	0.036563570000
13.060	0.000295469800
13.080	-0.029266130000
13.100	-0.045465730000
13.120	-0.049593620000
13.140	-0.049013200000
13.160	-0.055306560000
13.180	-0.052886060000
13.200	-0.023404970000
13.220	0.016310810000
13.240	0.047476950000
13.260	0.047228110000
13.280	0.039430240000
13.300	0.038617340000
13.320	0.031881300000
13.340	0.020507310000
13.360	0.014520970000
13.380	0.000525581200
13.400	-0.008667646000
13.420	-0.007932191000
13.440	-0.024676480000
13.460	-0.033414790000
13.480	-0.033671790000
13.500	-0.040257900000
13.520	-0.018833790000
13.540	0.008038139000
13.560	0.009345808000
13.580	0.000854337200
13.600	0.007777106000
13.620	0.008115775000
13.640	0.012149900000
13.660	-0.000166570500
13.680	-0.021038800000
13.700	-0.016116260000
13.720	-0.001898451000
13.740	0.019346130000
13.760	0.022539780000
13.780	0.023241560000
13.800	0.018129350000
13.820	0.017459230000
13.840	0.025139850000
13.860	0.032855150000
13.880	0.039601460000
13.900	0.040719400000
13.920	0.021135420000
13.940	0.002869280000
13.960	-0.021891200000
13.980	-0.039140400000
14.000	-0.044101660000
14.020	-0.028446680000
14.040	0.008096875000
14.060	0.013938430000
14.080	-0.003314851000
14.100	-0.033453790000
14.120	-0.061478280000
14.140	-0.062560480000
14.160	-0.027874350000
14.180	0.017254550000
14.200	0.030889920000
14.220	0.029631250000
14.240	0.038532810000
14.260	0.037249660000
14.280	0.012952250000
14.300	-0.021411540000
14.320	-0.044614480000
14.340	-0.038705610000
14.360	-0.024213440000
14.380	-0.026462530000
14.400	-0.020975940000
14.420	-0.017511000000
14.440	0.002758452000
14.460	0.024574220000
14.480	0.028462470000
14.500	0.018343050000
14.520	0.012772840000
14.540	0.015188210000
14.560	0.014255930000
14.580	0.012523980000
14.600	0.002879882000
14.620	-0.008293194000
14.640	-0.009768110000
14.660	-0.011427650000
14.680	-0.009080625000
14.700	-0.005757462000
14.720	-0.010376020000
14.740	-0.003684819000
14.760	0.001959861000
14.780	0.001104082000
14.800	0.007563741000
14.820	0.019825160000
14.840	0.023542040000
14.860	0.029206100000
14.880	0.033886880000
14.900	0.018317590000
14.920	-0.009013309000
14.940	-0.030475130000
14.960	-0.033773810000
14.980	-0.030623040000
15.000	-0.020020140000
15.020	-0.002606709000
15.040	0.004864785000
15.060	0.016083760000
15.080	0.023658270000
15.100	0.019581320000
15.120	0.027455720000
15.140	0.035963530000
15.160	0.030001620000
15.180	-0.000222006600
15.200	-0.035046850000
15.220	-0.045909860000
15.240	-0.039721530000
15.260	-0.016515530000
15.280	-0.006468537000
15.300	-0.013291330000
15.320	-0.012361100000
15.340	-0.007650752000
15.360	-0.004165425000
15.380	0.007478882000
15.400	0.021457970000
15.420	0.022370850000
15.440	0.014536220000
15.460	0.001481225000
15.480	-0.004655110000
15.500	-0.005786306000
15.520	-0.012182740000
15.540	-0.021686100000
15.560	-0.032373670000
15.580	-0.032867370000
15.600	-0.018200810000
15.620	0.003171231000
15.640	0.015245970000
15.660	0.026506750000
15.680	0.032770550000
15.700	0.036020250000
15.720	0.026321050000
15.740	0.000588472100
15.760	-0.018731370000
15.780	-0.038352110000
15.800	-0.049393630000
15.820	-0.033235830000
15.840	0.008242441000
15.860	0.030992500000
15.880	0.037101250000
15.900	0.037248110000
15.920	0.017115330000
15.940	0.004904880000
15.960	0.002424215000
15.980	-0.005779670000
16.000	-0.024992420000
16.020	-0.050044670000
16.040	-0.061708390000
16.060	-0.039408160000
16.080	-0.003476646000
16.100	0.009855745000
16.120	0.005284077000
16.140	0.003872368000
16.160	0.012489300000
16.180	0.026835570000
16.200	0.027963660000
16.220	0.010074870000
16.240	-0.004697823000
16.260	-0.012471270000
16.280	-0.017786530000
16.300	-0.011258560000
16.320	0.006286428000
16.340	0.015698950000
16.360	0.018667120000
16.380	0.020588770000
16.400	0.014002590000
16.420	0.005240759000
16.440	0.005464104000
16.460	0.008828028000
16.480	0.015790510000
16.500	0.020512060000
16.520	0.023263980000
16.540	0.026956340000
16.560	0.020108020000
16.580	0.003897128000
16.600	-0.007074030000
16.620	-0.012640210000
16.640	-0.018890810000
16.660	-0.022131390000
16.680	-0.026959090000
16.700	-0.034376570000
16.720	-0.038845230000
16.740	-0.035857690000
16.760	-0.032483570000
16.780	-0.016503270000
16.800	0.000122687800
16.820	0.022101600000
16.840	0.042170060000
16.860	0.043571500000
16.880	0.035936760000
16.900	0.010193950000
16.920	-0.023481390000
16.940	-0.034638190000
16.960	-0.031257960000
16.980	-0.019439260000
17.000	-0.003407971000
17.020	0.002293783000
17.040	0.011245260000
17.060	0.007451830000
17.080	-0.002750256000
17.100	-0.005330904000
17.120	0.000896148500
17.140	0.013238100000
17.160	0.009923052000
17.180	-0.004326396000
17.200	-0.008627785000
17.220	-0.011189050000
17.240	0.004137415000
17.260	0.022811520000
17.280	0.025779670000
17.300	0.025001360000
17.320	0.013049970000
17.340	-0.006186258000
17.360	-0.009518651000
17.380	-0.004902182000
17.400	0.004509305000
17.420	0.018136450000
17.440	0.013769780000
17.460	0.002423246000
17.480	-0.009314969000
17.500	-0.018320600000
17.520	-0.022289480000
17.540	-0.004807751000
17.560	0.018350270000
17.580	0.023571600000
17.600	0.019374240000
17.620	0.009189486000
17.640	0.003949689000
17.660	0.015180850000
17.680	0.023610070000
17.700	0.012389000000
17.720	-0.001055679000
17.740	-0.007711237000
17.760	-0.005802876000
17.780	-0.006404734000
17.800	-0.008736514000
17.820	-0.012820650000
17.840	-0.012365790000
17.860	0.002061028000
17.880	0.013453350000
17.900	0.012347610000
17.920	0.006915026000
17.940	0.004141585000
17.960	0.001418123000
17.980	0.001413982000
18.000	0.003017360000
18.020	0.006188477000
18.040	0.007568474000
18.060	0.008027412000
18.080	0.004988768000
18.100	0.003117005000
18.120	0.001657321000
18.140	-0.002972523000
18.160	-0.008273528000
18.180	-0.017108830000
18.200	-0.021052220000
18.220	-0.018688940000
18.240	-0.012795450000
18.260	-0.002753614000
18.280	0.004061960000
18.300	0.006411973000
18.320	-0.000844373300
18.340	-0.010143780000
18.360	-0.009968408000
18.380	-0.006371955000
18.400	-0.000293842900
18.420	0.003912569000
18.440	0.000804560500
18.460	-0.001060068000
18.480	-0.000364497000
18.500	0.001408194000
18.520	0.004785344000
18.540	0.003592894000
18.560	-0.006572495000
18.580	-0.012764990000
18.600	-0.010032480000
18.620	-0.011109670000
18.640	-0.007872257000
18.660	-0.003626069000
18.680	0.000364099000
18.700	0.009478748000
18.720	0.009953995000
18.740	0.000899382700
18.760	-0.002392230000
18.780	-0.004066123000
18.800	-0.005441156000
18.820	-0.003676629000
18.840	-0.000614662800
18.860	0.004569923000
18.880	0.008373430000
18.900	0.013244870000
18.920	0.017499220000
18.940	0.019498340000
18.960	0.015560050000
18.980	-0.002950985000
19.000	-0.019297580000
19.020	-0.022610620000
19.040	-0.013134890000
19.060	0.007531251000
19.080	0.019450890000
19.100	0.008188999000
19.120	-0.010245540000
19.140	-0.021129020000
19.160	-0.020100930000
19.180	0.000737589300
19.200	0.013481390000
19.220	0.008654673000
19.240	0.007071555000
19.260	0.002813997000
19.280	-0.000799942100
19.300	0.000688158900
19.320	0.003424740000
19.340	0.004921000000
19.360	0.001589601000
19.380	-0.001657139000
19.400	-0.004375519000
19.420	-0.008984980000
19.440	-0.009126840000
19.460	-0.007478600000
19.480	-0.015630520000
19.500	-0.024144540000
19.520	-0.027431060000
19.540	-0.028991740000
19.560	-0.010443130000
19.580	0.011644890000
19.600	0.017108950000
19.620	0.019956710000
19.640	0.023636780000
19.660	0.018323520000
19.680	0.005981440000
19.700	-0.001869583000
19.720	-0.009105545000
19.740	-0.008703750000
19.760	0.001006567000
19.780	0.000117043400
19.800	-0.008715220000
19.820	-0.011859960000
19.840	-0.010310670000
19.860	-0.008595113000
19.880	-0.003578838000
19.900	0.003677357000
19.920	0.006813772000
19.940	0.008108068000
19.960	0.009402362000
19.980	0.009387996000
20.000	0.003862571000
20.020	0.001123785000
20.040	0.000314839500
20.060	0.002746433000
20.080	0.008299227000
20.100	0.005283001000
20.120	-0.001062506000
20.140	-0.007615072000
20.160	-0.009553159000
20.180	-0.004417546000
20.200	0.000639526400
20.220	0.004189039000
20.240	0.002793592000
20.260	0.002429364000
20.280	0.011330820000
20.300	0.020752470000
20.320	0.021303180000
20.340	0.014796510000
20.360	-0.000511736100
20.380	-0.012672260000
20.400	-0.016848230000
20.420	-0.017523560000
20.440	-0.010348970000
20.460	-0.002424680000
20.480	0.003929831000
20.500	0.006615402000
20.520	0.006224652000
20.540	0.000724723200
20.560	0.000971473600
20.580	0.005513444000
20.600	0.007887914000
20.620	0.006523064000
20.640	0.002411354000
20.660	-0.000572236200
20.680	-0.001544386000
20.700	-0.004001657000
20.720	-0.007792067000
20.740	-0.002913498000
20.760	0.000360611300
20.780	0.004525180000
20.800	0.008468410000
20.820	0.006051938000
20.840	0.003561007000
20.860	0.003395676000
20.880	0.005787485000
20.900	0.010086690000
20.920	0.012982380000
20.940	0.013313790000
20.960	0.007324258000
20.980	0.001072587000
21.000	0.000647155000
21.020	0.006200963000
21.040	0.008494852000
21.060	0.003945559000
21.080	-0.007924273000
21.100	-0.015617210000
21.120	-0.014670740000
21.140	-0.011283410000
21.160	-0.001493543000
21.180	0.005749384000
21.200	0.010450470000
21.220	0.015849240000
21.240	0.018338970000
21.260	0.014370050000
21.280	0.004639161000
21.300	-0.005186592000
21.320	-0.011159800000
21.340	-0.012744980000
21.360	-0.014157770000
21.380	-0.021163220000
21.400	-0.023953020000
21.420	-0.027747510000
21.440	-0.026534820000
21.460	-0.008988878000
21.480	0.009213949000
21.500	0.018594790000
21.520	0.025478680000
21.540	0.024115870000
21.560	0.005799634000
21.580	-0.008252999000
21.600	-0.010928550000
21.620	-0.014451730000
21.640	-0.016842700000
21.660	-0.018647170000
21.680	-0.021233990000
21.700	-0.018009860000
21.720	-0.002563075000
21.740	0.007261471000
21.760	0.006416817000
21.780	0.004885703000
21.800	0.002708929000
21.820	0.004518315000
21.840	-0.000409398600
21.860	-0.004006012000
21.880	-0.001628486000
21.900	0.001966919000
21.920	0.000053305560
21.940	-0.005168168000
21.960	-0.008732142000
21.980	-0.004319716000
22.000	0.007621329000
22.020	0.015187600000
22.040	0.018647340000
22.060	0.014056230000
22.080	0.007636253000
22.100	-0.000099520230
22.120	-0.006811214000
22.140	-0.010359890000
22.160	-0.008999302000
22.180	-0.007580576000
22.200	-0.002658150000
22.220	0.005991356000
22.240	0.009431723000
22.260	0.007401828000
22.280	0.000150554900
22.300	-0.002518879000
22.320	-0.001064453000
22.340	-0.002380346000
22.360	-0.002062200000
22.380	-0.003614733000
22.400	-0.006059767000
22.420	-0.005187761000
22.440	-0.004664594000
22.460	-0.002684868000
22.480	0.004436679000
22.500	0.013252450000
22.520	0.014476350000
22.540	0.012261840000
22.560	0.004891226000
22.580	0.001938232000
22.600	0.005102179000
22.620	0.006651466000
22.640	0.005893513000
22.660	0.001285060000
22.680	-0.000738712400
22.700	-0.005227825000
22.720	-0.010512540000
22.740	-0.008404291000
22.760	-0.003737883000
22.780	-0.002669016000
22.800	-0.002042828000
22.820	-0.007718200000
22.840	-0.007394953000
22.860	-0.002610225000
22.880	-0.002219657000
22.900	-0.001351729000
22.920	-0.000022761280
22.940	-0.000253373100
22.960	-0.002441365000
22.980	-0.005569796000
23.000	-0.008389168000
23.020	-0.006842940000
23.040	-0.006975631000
23.060	-0.003202742000
23.080	0.005068346000
23.100	0.009420596000
23.120	0.013586180000
23.140	0.010538330000
23.160	0.006320542000
23.180	0.007002832000
23.200	0.007737141000
23.220	0.010318670000
23.240	0.007728800000
23.260	0.002924510000
23.280	-0.000789399500
23.300	-0.002246049000
23.320	-0.004419759000
23.340	-0.003311109000
23.360	-0.001676139000
23.380	-0.001788428000
23.400	-0.003076777000
23.420	-0.004663986000
23.440	0.003319464000
23.460	0.010711320000
23.480	0.012473790000
23.500	0.012402300000
23.520	0.007822410000
23.540	0.005129521000
23.560	0.000860733500
23.580	-0.007439094000
23.600	-0.010819460000
23.620	-0.013023770000
23.640	-0.014108120000
23.660	-0.013183060000
23.680	-0.008666593000
23.700	-0.004206219000
23.720	-0.001173846000
23.740	0.002790807000
23.760	0.002981460000
23.780	-0.000700825800
23.800	0.000898448000
23.820	0.003799242000
23.840	0.003189196000
23.860	0.003141170000
23.880	-0.000355475000
23.900	-0.010500480000
23.920	-0.023023100000
23.940	-0.027019550000
23.960	-0.005790375000
23.980	0.033725360000
24.000	0.053079770000
24.020	0.053215350000
24.040	0.046885150000
24.060	0.028658680000
24.080	0.006177801000
24.100	-0.012224100000
24.120	-0.027870980000
24.140	-0.036594110000
24.160	-0.043614850000
24.180	-0.053242710000
24.200	-0.049069970000
24.220	-0.006947118000
24.240	0.046299860000
24.260	0.047947080000
24.280	0.038530360000
24.300	0.023729060000
24.320	0.004174555000
24.340	0.003968434000
24.360	0.005851274000
24.380	0.009601733000
24.400	-0.001658126000
24.420	-0.018116930000
24.440	-0.030107100000
24.460	-0.036692300000
24.480	-0.027848980000
24.500	-0.007403162000
24.520	0.010603840000
24.540	0.020422280000
24.560	0.023749440000
24.580	0.019688740000
24.600	0.010808550000
24.620	-0.000082069810
24.640	-0.020689210000
24.660	-0.031049420000
24.680	-0.021236080000
24.700	-0.006446156000
24.720	-0.001066752000
24.740	0.000702872400
24.760	0.006230177000
24.780	0.011168940000
24.800	0.010540550000
24.820	0.005719953000
24.840	-0.001386461000
24.860	-0.009471055000
24.880	-0.011544790000
24.900	-0.008460383000
24.920	-0.000482015300
24.940	0.006084672000
24.960	0.010034040000
24.980	0.012063770000
25.000	0.014240380000
25.020	0.013697660000
25.040	0.010668190000
25.060	0.003040562000
25.080	-0.006617889000
25.100	-0.009329119000
25.120	-0.009893250000
25.140	-0.008243979000
25.160	-0.005826648000
25.180	-0.000873597100
25.200	0.000273834300
25.220	-0.000866594200
25.240	-0.001929502000
25.260	-0.006530790000
25.280	-0.009907058000
25.300	-0.006078044000
25.320	0.000997629200
25.340	0.006500463000
25.360	0.007898817000
25.380	0.008687211000
25.400	0.007488646000
25.420	-0.001810759000
25.440	-0.010328840000
25.460	-0.013152270000
25.480	-0.009450752000
25.500	-0.002242475000
25.520	0.004809741000
25.540	0.005576719000
25.560	0.005137036000
25.580	-0.000217005700
25.600	-0.004226687000
25.620	-0.003001729000
25.640	0.000958870400
25.660	0.001389250000
25.680	-0.001711610000
25.700	-0.005886530000
25.720	-0.009742190000
25.740	-0.005946828000
25.760	0.001362433000
25.780	0.005983994000
25.800	0.005382137000
25.820	0.008733799000
25.840	0.009480382000
25.860	0.005973565000
25.880	-0.000353550600
25.900	-0.006051326000
25.920	-0.007577302000
25.940	-0.005522057000
25.960	-0.003922751000
25.980	0.000181674400
26.000	0.003317101000
26.020	0.003190567000
26.040	0.001715594000
26.060	-0.001418918000
26.080	-0.002837790000
26.100	-0.007453342000
26.120	-0.011204950000
26.140	-0.013493880000
26.160	-0.011367230000
26.180	-0.002810504000
26.200	0.004559967000
26.220	0.008245178000
26.240	0.007192489000
26.260	0.007174081000
26.280	0.007401494000
26.300	0.002852246000
26.320	0.000306279500
26.340	-0.002404927000
26.360	-0.003032272000
26.380	-0.002320358000
26.400	-0.006459563000
26.420	-0.006853327000
26.440	-0.003139551000
26.460	0.001817605000
26.480	0.006754362000
26.500	0.006103560000
26.520	0.006509478000
26.540	0.005807676000
26.560	0.005375155000
26.580	0.004497915000
26.600	0.003812435000
26.620	0.003947035000
26.640	0.003952096000
26.660	0.003068737000
26.680	0.000941999400
26.700	-0.003078878000
26.720	-0.008593035000
26.740	-0.008657331000
26.760	-0.007219168000
26.780	-0.004202043000
26.800	0.000068661690
26.820	0.002582927000
26.840	0.003822193000
26.860	0.001108960000
26.880	-0.002441693000
26.900	-0.004573525000
26.920	-0.002285697000
26.940	0.001632091000
26.960	0.000464160500
26.980	-0.001379010000
27.000	-0.007026779000
27.020	-0.007328728000
27.040	-0.005405037000
27.060	-0.005747785000
27.080	-0.005071553000
27.100	-0.004794140000
27.120	-0.003145846000
27.140	-0.003123432000
27.160	-0.002685877000
27.180	-0.000816242100
27.200	0.002293714000
27.220	0.001903030000
27.240	-0.001835293000
27.260	-0.004659695000
27.280	-0.006920037000
27.300	-0.007388238000
27.320	-0.004613859000
27.340	-0.003375599000
27.360	-0.002931919000
27.380	-0.005511518000
27.400	-0.008734736000
27.420	-0.005897114000
27.440	-0.001691671000
27.460	0.002259792000
27.480	0.007060915000
27.500	0.007435241000
27.520	0.010384050000
27.540	0.013255330000
27.560	0.011004180000
27.580	0.009132466000
27.600	0.005304393000
27.620	0.002980822000
27.640	-0.000706489000
27.660	-0.002674079000
27.680	-0.002832189000
27.700	-0.001407258000
27.720	-0.003184107000
27.740	-0.002684315000
27.760	0.001121298000
27.780	0.002544191000
27.800	0.005771465000
27.820	0.007543200000
27.840	0.007768615000
27.860	0.008259232000
27.880	0.009473029000
27.900	0.005810205000
27.920	0.001751623000
27.940	-0.001110498000
27.960	-0.002504839000
27.980	-0.000185358600
28.000	0.001660842000
28.020	0.003512143000
28.040	0.007122945000
28.060	0.009917749000
28.080	0.010413470000
28.100	0.010505280000
28.120	0.006914880000
28.140	0.004356725000
28.160	0.002530932000
28.180	0.002496258000
28.200	0.001833266000
28.220	-0.000695305800
28.240	0.000725563100
28.260	-0.000145507200
28.280	0.001835343000
28.300	0.000783734100
28.320	-0.001330714000
28.340	-0.001048162000
28.360	-0.002145668000
28.380	-0.000718674500
28.400	0.001890500000
28.420	0.004040675000
28.440	0.003262431000
28.460	0.003512348000
28.480	0.001980326000
28.500	-0.001368316000
28.520	-0.001926237000
28.540	-0.002297497000
28.560	-0.001882336000
28.580	-0.002481055000
28.600	-0.000044253020
28.620	0.004000070000
28.640	0.003729793000
28.660	0.002022338000
28.680	-0.002499297000
28.700	-0.003557011000
28.720	-0.002357465000
28.740	-0.003400897000
28.760	-0.003588549000
28.780	-0.002290060000
28.800	0.002321389000
28.820	0.006348380000
28.840	0.007078731000
28.860	0.005587523000
28.880	0.004441076000
28.900	0.003571050000
28.920	0.003193684000
28.940	0.002232879000
28.960	0.000075615630
28.980	-0.000619987500
29.000	0.000437790200
29.020	-0.000966711300
29.040	-0.001962192000
29.060	0.000957088200
29.080	0.004761729000
29.100	0.007460690000
29.120	0.008517454000
29.140	0.007624997000
29.160	0.004351861000
29.180	-0.000100393800
29.200	-0.004130368000
29.220	-0.008459201000
29.240	-0.011524250000
29.260	-0.008626385000
29.280	-0.004508596000
29.300	-0.002093186000
29.320	-0.001766735000
29.340	-0.001289323000
29.360	-0.001067930000
29.380	-0.000527276600
29.400	-0.000450722000
29.420	0.000232733300
29.440	0.001307869000
29.460	-0.002342653000
29.480	-0.004951755000
29.500	-0.004988417000
29.520	-0.002069117000
29.540	0.001715143000
29.560	0.003754185000
29.580	0.001795847000
29.600	-0.002640069000
29.620	-0.004049645000
29.640	-0.001748460000
29.660	-0.000054174200
29.680	0.001727833000
29.700	0.001400480000
29.720	-0.002613151000
29.740	-0.006104541000
29.760	-0.008232192000
29.780	-0.007397759000
29.800	-0.004446827000
29.820	-0.001704994000
29.840	-0.000430939500
29.860	0.000042415670
29.880	-0.001024428000
29.900	-0.000293011200
29.920	-0.001816813000
29.940	-0.002533794000
29.960	-0.003460894000
29.980	-0.004078934000
30.000	-0.001211632000
30.020	0.000132810800
30.040	0.000796914400
30.060	-0.003389081000
30.080	-0.006228675000
30.100	-0.005550289000
30.120	-0.005304381000
30.140	-0.007956293000
30.160	-0.010576580000
30.180	-0.009907373000
30.200	-0.007217541000
30.220	-0.003272089000
30.240	-0.002028615000
30.260	-0.002029541000
30.280	-0.004723266000
30.300	-0.003573629000
30.320	-0.002141452000
30.340	0.001323586000
30.360	0.005795366000
30.380	0.007529466000
30.400	0.007741728000
30.420	0.001797270000
30.440	-0.002486626000
30.460	-0.002589542000
30.480	-0.004045996000
30.500	-0.004843530000
30.520	-0.004912782000
30.540	-0.003801893000
30.560	-0.001960684000
30.580	-0.002829613000
30.600	-0.000688521500
30.620	0.002067631000
30.640	0.003660985000
30.660	0.003172520000
30.680	0.003471496000
30.700	0.004031593000
30.720	0.004733471000
30.740	0.005197690000
30.760	0.003964630000
30.780	0.001004711000
30.800	0.000192913800
30.820	-0.000961602800
30.840	-0.002004938000
30.860	-0.000939932800
30.880	-0.003291926000
30.900	-0.002500278000
30.920	-0.002789829000
30.940	-0.001931880000
30.960	-0.000105948600
30.980	0.000283823500
31.000	0.001598737000
31.020	0.001992591000
31.040	0.001388886000
31.060	-0.000615276900
31.080	0.000196780700
31.100	-0.001138260000
31.120	-0.003035320000
31.140	-0.002541499000
31.160	-0.001229637000
31.180	0.000495326000
31.200	0.003281090000
31.220	0.005117236000
31.240	0.006082303000
31.260	0.007379890000
31.280	0.008038959000
31.300	0.006201070000
31.320	0.003548201000
31.340	0.002247853000
31.360	0.000113147200
31.380	-0.003344498000
31.400	-0.001170722000
31.420	0.000872495100
31.440	0.000343273400
31.460	-0.000492967100
31.480	0.000641433500
31.500	0.004075935000
31.520	0.006725039000
31.540	0.007088322000
31.560	0.003383848000
31.580	0.000883994700
31.600	-0.001482237000
31.620	-0.001510628000
31.640	-0.000495558200
31.660	0.001603773000
31.680	0.004323266000
31.700	0.003836900000
31.720	0.003827895000
31.740	0.003330311000
31.760	0.000605048500
31.780	0.000011587290
31.800	-0.001146953000
31.820	-0.001797531000
31.840	-0.000419329100
31.860	-0.000019305400
31.880	-0.000358780500
31.900	-0.002963674000
31.920	-0.006256047000
31.940	-0.008283618000
31.960	-0.006402548000
31.980	-0.001373757000
32.000	0.000467535400
32.020	0.001997729000
32.040	0.002794544000
32.060	-0.000758939600
32.080	-0.003345462000
32.100	-0.003001523000
32.120	-0.000341163100
32.140	0.002988318000
32.160	0.004971401000
32.180	0.005244965000
32.200	0.002847150000
32.220	-0.000399303200
32.240	-0.001837295000
32.260	-0.002088006000
32.280	-0.002522316000
32.300	-0.004787524000
32.320	-0.005727751000
32.340	-0.003963956000
32.360	-0.001622841000
32.380	0.001406776000
32.400	0.002302555000
32.420	0.003292174000
32.440	0.005353815000
32.460	0.006467878000
32.480	0.004399542000
32.500	0.001333647000
32.520	-0.001017227000
32.540	-0.002097179000
32.560	-0.003668770000
32.580	-0.003267679000
32.600	-0.003587727000
32.620	-0.000798814000
32.640	0.002460320000
32.660	0.003266356000
32.680	0.004002014000
32.700	0.002539573000
32.720	0.003238513000
32.740	0.004392374000
32.760	0.004613957000
32.780	0.003147441000
32.800	0.001807407000
32.820	0.000807034200
32.840	0.000651222600
32.860	0.002014192000
32.880	0.002396944000
32.900	0.002227876000
32.920	0.000960270600
32.940	0.001102306000
32.960	0.001501383000
32.980	0.000441861500
33.000	-0.002023219000
33.020	-0.004668837000
33.040	-0.003162035000
33.060	-0.000895330700
33.080	0.000641054900
33.100	-0.002364618000
33.120	-0.004797049000
33.140	-0.002954660000
33.160	0.002683152000
33.180	0.004850924000
33.200	0.002970319000
33.220	0.004786194000
33.240	0.003162632000
33.260	0.000383410400
33.280	-0.002180589000
33.300	-0.002417968000
33.320	-0.001250805000
33.340	0.000536520000
33.360	-0.000798373800
33.380	-0.005356466000
33.400	-0.007751137000
33.420	-0.004885666000
33.440	0.001330506000
33.460	0.002063159000
33.480	0.001554474000
33.500	0.000736731000
33.520	0.000443269200
33.540	0.001253449000
33.560	0.000587690100
33.580	0.000064732830
33.600	-0.001526163000
33.620	-0.002934477000
33.640	-0.003924590000
33.660	-0.003260261000
33.680	-0.001381110000
33.700	-0.000347538400
33.720	-0.000177904900
33.740	-0.001205750000
33.760	0.000421466900
33.780	0.000463605100
33.800	-0.002334955000
33.820	-0.001705294000
33.840	0.000498229100
33.860	0.001567514000
33.880	0.000602919700
33.900	-0.002948392000
33.920	-0.006357923000
33.940	-0.005207032000
33.960	-0.000842120000
33.980	0.001399154000
34.000	0.001041470000
34.020	-0.001060413000
34.040	-0.002520714000
34.060	-0.003922874000
34.080	-0.004313191000
34.100	-0.003286728000
34.120	-0.001575843000
34.140	0.002463704000
34.160	0.003455493000
34.180	0.003672083000
34.200	0.001181595000
34.220	-0.001652631000
34.240	-0.002943596000
34.260	-0.003720479000
34.280	-0.001762741000
34.300	-0.001191181000
34.320	-0.000452339100
34.340	0.001246324000
34.360	0.002131029000
34.380	0.000797236100
34.400	-0.000549815400
34.420	-0.000379105300
34.440	-0.000161473500
34.460	-0.000338580000
34.480	-0.000836984900
34.500	-0.002754208000
34.520	-0.004637769000
34.540	-0.005064769000
34.560	-0.003724107000
34.580	-0.001040103000
34.600	0.000861561800
34.620	0.005187769000
34.640	0.007300578000
34.660	0.005540448000
34.680	0.005012480000
34.700	0.001697874000
34.720	-0.001632030000
34.740	-0.002285452000
34.760	-0.000527593200
34.780	-0.000419072200
34.800	-0.000574729600
34.820	-0.001204685000
34.840	-0.005163918000
34.860	-0.004455631000
34.880	-0.001057601000
34.900	0.004171330000
34.920	0.007623423000
34.940	0.006839458000
34.960	0.002785375000
34.980	-0.001242186000
35.000	-0.001936386000
35.020	-0.000022443940
35.040	0.001380480000
35.060	-0.000230694300
35.080	-0.000506686800
35.100	-0.001094798000
35.120	0.000431553500
35.140	0.002413846000
35.160	0.001529941000
35.180	0.000656237700
35.200	0.000220116100
35.220	-0.001619524000
35.240	-0.000253301700
35.260	0.002300202000
35.280	0.005988968000
35.300	0.009343175000
35.320	0.007116964000
35.340	0.001389096000
35.360	-0.006405291000
35.380	-0.010101320000
35.400	-0.007249959000
35.420	-0.000175800800
35.440	0.007638879000
35.460	0.010440260000
35.480	0.008905627000
35.500	0.005288152000
35.520	0.001731880000
35.540	0.001109130000
35.560	-0.001123178000
35.580	-0.004921184000
35.600	-0.007119829000
35.620	-0.006256431000
35.640	-0.004300612000
35.660	-0.002174451000
35.680	0.003066792000
35.700	0.007838837000
35.720	0.007839324000
35.740	0.007542993000
35.760	0.005168924000
35.780	0.002400117000
35.800	0.000464651500
35.820	-0.001533032000
35.840	-0.004121294000
35.860	-0.007560233000
35.880	-0.003925470000
35.900	-0.000267246000
35.920	0.001466240000
35.940	0.002915149000
35.960	0.002254699000
35.980	0.003034491000
36.000	0.002493893000
36.020	0.000581339700
36.040	0.000156047600
36.060	-0.001066125000
36.080	-0.001084077000
36.100	-0.001291302000
36.120	-0.000903561500
36.140	0.000393957200
36.160	0.001803691000
36.180	0.005190215000
36.200	0.008618823000
36.220	0.008952609000
36.240	0.005769614000
36.260	0.002224335000
36.280	-0.000374562600
36.300	-0.003387895000
36.320	-0.005001230000
36.340	-0.003910037000
36.360	-0.002986840000
36.380	-0.001092460000
36.400	-0.000680140800
36.420	0.000334372800
36.440	0.002183826000
36.460	0.003081032000
36.480	0.004326724000
36.500	0.001944270000
36.520	0.002452741000
36.540	0.000771064100
36.560	-0.002978091000
36.580	-0.005048137000
36.600	-0.005180768000
36.620	-0.003330562000
36.640	-0.002582550000
36.660	-0.003124237000
36.680	-0.004470618000
36.700	-0.005402837000
36.720	-0.005128129000
36.740	-0.004107458000
36.760	-0.003303707000
36.780	-0.001865606000
36.800	-0.000455731000
36.820	0.001025186000
36.840	0.000024627220
36.860	-0.000838349800
36.880	-0.003015626000
36.900	-0.005878991000
36.920	-0.005757291000
36.940	-0.004607934000
36.960	-0.003025439000
36.980	-0.002408948000
37.000	-0.002243462000
37.020	-0.001334525000
37.040	-0.000640356600
37.060	0.001012675000
37.080	0.002676374000
37.100	0.003317540000
37.120	0.004396255000
37.140	0.002609597000
37.160	-0.001653213000
37.180	-0.002665147000
37.200	-0.002686151000
37.220	-0.001553022000
37.240	-0.000278144800
37.260	0.000261753000
37.280	0.000927446400
37.300	0.000738810000
37.320	0.001402729000
37.340	0.001208866000
37.360	0.000157673000
37.380	-0.000123456300
37.400	0.001220382000
37.420	0.000589151300
37.440	-0.000044121180
37.460	0.001385025000
37.480	0.001778520000
37.500	0.002770506000
37.520	0.002764972000
37.540	0.001896374000
37.560	0.000554215800
37.580	0.000862166400
37.600	0.001291414000
37.620	0.000771464900
37.640	0.001237140000
37.660	-0.000030391310
37.680	-0.000386842700
37.700	-0.000438568500
37.720	-0.000087503040
37.740	0.001320567000
37.760	0.001385431000
37.780	0.001238639000
37.800	0.001110579000
37.820	0.001653489000
37.840	0.002200550000
37.860	0.001229853000
37.880	-0.000024641780
37.900	-0.000795757100
37.920	-0.001213674000
37.940	-0.000676998900
37.960	0.000338640400
37.980	0.000887135100
38.000	0.001266577000
38.020	0.001258900000
38.040	0.000945886000
38.060	0.001018309000
38.080	0.000720427200
38.100	-0.000060407680
38.120	0.000034129010
38.140	-0.000169662300
38.160	0.000542822200
38.180	0.000971600800
38.200	0.001238473000
38.220	0.000829659600
38.240	0.000290958600
38.260	-0.000209733300
38.280	-0.000960531900
38.300	-0.001050536000
38.320	-0.000980764800
38.340	-0.000474665300
38.360	-0.000307925300
38.380	-0.000294368500
38.400	-0.000171009600
38.420	0.000191889300
38.440	0.000693251700
38.460	0.000082502670
38.480	-0.000716247400
38.500	-0.000872467200
38.520	-0.000570323000
38.540	-0.000231889200
38.560	-0.000222431700
38.580	-0.000097036820
38.600	0.000010630790
38.620	0.000093903090
38.640	0.000045421320
38.660	0.000151006700
38.680	-0.000063913920
38.700	-0.000635108100
38.720	-0.001424369000
38.740	-0.001632009000
38.760	-0.001568490000
38.780	-0.001295588000
38.800	-0.000496405400
38.820	-0.000315341200
38.840	-0.000228231600
38.860	-0.000342876400
38.880	-0.000511626500
38.900	-0.000389060000
38.920	-0.000440935000
38.940	-0.000395423400
38.960	-0.000301558000
38.980	-0.000470663900
39.000	-0.000450743400
39.020	-0.000499308700
39.040	-0.000487379000
39.060	-0.000512611200
39.080	-0.000664139400
39.100	-0.000595669400
39.120	-0.000487415400
39.140	-0.000288600600
39.160	-0.000090559780
39.180	0.000045825370
39.200	0.000164514100
39.220	0.000062802970
39.240	0.000030187400
39.260	-0.000088481920
39.280	-0.000336926900
39.300	-0.000365817200
39.320	-0.000400301800
39.340	-0.000147985100
39.360	-0.000027245730
39.380	-0.000031757070
39.400	-0.000008423472
39.420	0.000009727127
39.440	0.000059259330
39.460	0.000081908460
39.480	0.000109116500
39.500	0.000082486740
39.520	0.000036834930
39.540	0.000027132830
39.560	0.000034040840
39.580	0.000075474370
39.600	0.000147694300
39.620	0.000161284100
39.640	0.000136908200
39.660	0.000117438800
39.680	0.000108110900
39.700	0.000105596000
39.720	0.000103251400
39.740	0.000098078940
39.760	0.000104161300
39.780	0.000121498400
39.800	0.000148776000
39.820	0.000183021300
39.840	0.000214749700
39.860	0.000232692700
39.880	0.000244829400
39.900	0.000256582200
39.920	0.000267789400
39.940	0.000277872300
39.960	0.000286742700
39.980	0.000294938400
